# Band        nu1        nu2       beam   int_time sensitivity
# Beam size in arcsec; integration time in seconds; sensitivity in mJy/beam
3           30.00      54.00      35.34       3600   0.006597
4           66.00     117.00      16.22       3600   0.006460
5          120.00     182.00       9.83       3600   0.007135
6          183.00     252.00       6.82       3600   0.009224
7          252.00     325.00       5.14       3600   0.011907
8          325.00     375.00       4.24       3600   0.023589
9          384.00     422.00       3.68       3600   0.039983
10         595.00     713.00       2.27       3600   0.098863
11         786.00     905.00       1.76       3600   0.162510
